; Author: Kemui52
; Allows TeamID functions to accept integer numbers.

1792CD5+4030+20: 69 6E 74 20 20 20 20 20
1792CF7+4030+20: 69 6E 74 20 20 20 20 20
1792D1F+4030+20: 69 6E 74 20 20 20 20 20
1792D4C+4030+20: 69 6E 74 20 20 20 20 20

1793F02+4030+20: 69 6E 74 20 20 20 20 20

1794806+4030+20: 69 6E 74 20 20 20 20 20
1794844+4030+20: 69 6E 74 20 20 20 20 20
17948BC+4030+20: 69 6E 74 20 20 20 20 20
1796A14+4030+20: 69 6E 74 20 20 20 20 20
1796A47+4030+20: 69 6E 74 20 20 20 20 20
1796A93+4030+20: 69 6E 74 20 20 20 20 20
1796AE8+4030+20: 69 6E 74 20 20 20 20 20
1796B13+4030+20: 69 6E 74 20 20 20 20 20
